time_stamp	px_state	py_state	v_state	yaw_angle_state	yaw_rate_state	sensor_type	NIS	px_measured	py_measured	px_ground_truth	py_ground_truth	vx_ground_truth	vy_ground_truth
1477010443000000	0.312243	0.58034	0	0	0	lidar	2.12308e-314	0.312243	0.58034	0.6	0.6	5.19994	0
1477010443050000	0.735463	0.629594	7.20081	-2.68311e-17	-4.12002e-17	radar	74.7453	0.862916	0.534212	0.859997	0.600045	5.19975	0.00179686
1477010443100000	1.1605	0.494951	7.20388	-0.127215	-0.0118717	lidar	0.221135	1.17385	0.481073	1.11998	0.600225	5.19943	0.00538996
1477010443150000	1.25807	0.533065	7.1892	0.122872	0.0307635	radar	1.8248	0.969149	0.397513	1.37996	0.600629	5.19898	0.0107781
1477010443200000	1.61577	0.595371	7.20261	0.161636	0.0463992	lidar	0.167625	1.65063	0.62469	1.6399	0.601347	5.19839	0.0179597
1477010443250000	1.8511	0.561772	6.0153	0.0249073	-0.237104	radar	7.7489	1.62331	0.499091	1.89982	0.60247	5.19766	0.0269323
1477010443300000	2.16313	0.591065	6.01481	0.0395886	-0.180678	lidar	0.254795	2.18882	0.648739	2.1597	0.604086	5.19678	0.0376932
1477010443350000	2.37911	0.636776	5.61747	0.0542971	-0.354336	radar	6.38447	1.96701	0.557117	2.41954	0.606284	5.19573	0.0502389
1477010443400000	2.65678	0.653607	5.61455	0.0427983	-0.330924	lidar	0.00948386	2.65526	0.66598	2.67932	0.609155	5.1945	0.0645654
1477010443450000	2.92329	0.646974	5.55061	-0.00589872	-0.488797	radar	0.455424	2.92034	0.645898	2.93904	0.612786	5.19309	0.080668
1477010443500000	3.15957	0.642188	5.50679	-0.0194456	-0.451819	lidar	1.21727	3.01222	0.637046	3.19869	0.617267	5.19147	0.0985415
1477010443550000	3.44493	0.538128	5.53797	-0.167826	-0.865481	radar	1.2445	3.56096	0.485311	3.45825	0.622685	5.18963	0.11818
1477010443600000	3.74792	0.425928	5.60096	-0.285776	-1.08265	lidar	2.04504	3.89365	0.311793	3.71772	0.62913	5.18754	0.139576
1477010443650000	4.02912	0.509915	5.5607	-0.148977	-0.555842	radar	4.19328	4.19786	0.698311	3.97708	0.636689	5.18519	0.162724
1477010443700000	4.30326	0.50162	5.54404	-0.141903	-0.471471	lidar	0.391052	4.30935	0.578564	4.23632	0.645449	5.18256	0.187614
1477010443750000	4.56481	0.53567	5.4749	-0.103852	-0.340839	radar	2.20629	4.61908	0.68951	4.49542	0.655498	5.17962	0.214238
1477010443800000	4.75676	0.640239	5.32796	-0.00460629	-0.0967234	lidar	13.2582	4.35143	0.899174	4.75437	0.666921	5.17634	0.242587
1477010443850000	5.01008	0.637538	5.27663	-0.014744	-0.112278	radar	2.25583	5.20901	0.66599	5.01315	0.679804	5.1727	0.272649
1477010443900000	5.31101	0.636578	5.31926	-0.0185486	-0.108447	lidar	2.28253	5.51894	0.648233	5.27175	0.694234	5.16867	0.304413
1477010443950000	5.56843	0.645185	5.32071	-0.0111318	-0.0825865	radar	1.66417	5.22834	0.639362	5.53013	0.710295	5.16422	0.337868
1477010444000000	5.86134	0.663443	5.3479	-0.000490414	-0.0566476	lidar	1.48054	6.022	0.708619	5.78828	0.728072	5.15932	0.372999
1477010444050000	6.10594	0.587317	5.30681	-0.0581533	-0.15491	radar	3.9417	5.89392	0.373584	6.04618	0.747647	5.15393	0.409793
1477010444100000	6.36309	0.70429	5.28152	0.0222729	-0.00907682	lidar	4.13325	6.34249	0.948833	6.30379	0.769103	5.14803	0.448233
1477010444150000	6.61531	0.735504	5.25151	0.0367332	0.0127647	radar	0.910246	6.62134	0.836138	6.5611	0.792523	5.14157	0.488305
1477010444200000	6.86368	0.735227	5.23801	0.0314546	0.00350327	lidar	0.372944	6.78214	0.714036	6.81808	0.817988	5.13452	0.52999
1477010444250000	7.11097	0.715731	5.19133	0.0115157	-0.0332796	radar	3.78051	7.29121	0.630741	7.07469	0.845578	5.12685	0.573269
1477010444300000	7.33447	0.804556	5.15003	0.0624313	0.0485112	lidar	3.65665	7.13735	0.957217	7.3309	0.875373	5.11851	0.618123
1477010444350000	7.62095	0.816896	5.19993	0.06298	0.0471897	radar	3.55998	8.08349	0.819605	7.58668	0.907449	5.10946	0.664531
1477010444400000	7.87099	0.794545	5.19106	0.0426541	0.0125422	lidar	0.600488	7.80533	0.719126	7.84199	0.941886	5.09966	0.712469
1477010444450000	8.12408	0.81093	5.16162	0.0442661	0.0105035	radar	2.77307	8.40453	0.884557	8.0968	0.978759	5.08907	0.761915
1477010444500000	8.36276	0.830605	5.14263	0.0501233	0.0188925	lidar	0.687779	8.24796	0.840322	8.35106	1.01814	5.07766	0.812843
1477010444550000	8.62535	0.927006	5.17523	0.101614	0.0996888	radar	6.55076	8.45858	1.41118	8.60472	1.06011	5.06537	0.865226
1477010444600000	8.86202	0.989863	5.15592	0.128215	0.133086	lidar	0.947078	8.74615	1.04858	8.85775	1.10473	5.05216	0.919037
1477010444650000	9.14635	1.03117	5.19073	0.137819	0.136675	radar	6.43834	9.8809	1.1419	9.1101	1.15208	5.03798	0.974245
1477010444700000	9.38326	1.06417	5.17083	0.143712	0.135827	lidar	0.844141	9.25579	1.04913	9.36172	1.20223	5.0228	1.03082
1477010444750000	9.65696	1.14321	5.20125	0.172985	0.169117	radar	4.30524	10.1016	1.52474	9.61255	1.25524	5.00656	1.08873
1477010444800000	9.92356	1.27928	5.22275	0.23256	0.246224	lidar	2.65979	10.0484	1.44598	9.86254	1.31118	4.98922	1.14794
1477010444850000	10.1727	1.38542	5.20612	0.274025	0.295862	radar	4.22291	10.5377	1.72555	10.1117	1.37011	4.97074	1.20841
1477010444900000	10.3985	1.46434	5.18394	0.295019	0.306499	lidar	1.14619	10.2492	1.45907	10.3598	1.4321	4.95106	1.2701
1477010444950000	10.6321	1.57191	5.15088	0.335888	0.356487	radar	3.91249	10.9084	1.70343	10.6069	1.49721	4.93014	1.33298
1477010445000000	10.8635	1.58982	5.12384	0.316571	0.302497	lidar	2.09397	10.7313	1.45265	10.853	1.56549	4.90794	1.39701
1477010445050000	11.1261	1.64291	5.14095	0.311645	0.269232	radar	1.94146	11.4783	1.42876	11.0979	1.637	4.8844	1.46213
1477010445100000	11.4053	1.67262	5.1607	0.29199	0.218484	lidar	2.03505	11.587	1.61462	11.3416	1.71179	4.85948	1.52832
1477010445150000	11.6389	1.73842	5.13496	0.301742	0.221487	radar	1.15636	11.4763	1.53917	11.584	1.78992	4.83313	1.59551
1477010445200000	11.8721	1.7957	5.11805	0.303339	0.20819	lidar	0.586616	11.7788	1.74591	11.8251	1.87144	4.80531	1.66366
1477010445250000	12.1226	1.8878	5.14169	0.317871	0.209082	radar	1.11447	12.136	2.14937	12.0647	1.95639	4.77598	1.73273
1477010445300000	12.3701	1.90281	5.12332	0.291301	0.154868	lidar	1.0756	12.3226	1.78353	12.3029	2.04482	4.74508	1.80265
1477010445350000	12.6239	1.95884	5.13872	0.284734	0.128606	radar	0.999696	12.5457	1.77728	12.5394	2.13677	4.71257	1.87338
1477010445400000	12.8223	2.10131	5.11729	0.336509	0.196267	lidar	3.30112	12.5924	2.17509	12.7743	2.23227	4.67842	1.94485
1477010445450000	13.0818	2.2036	5.16217	0.346304	0.185128	radar	3.54627	13.2198	2.6644	13.0075	2.33137	4.64258	2.01701
1477010445500000	13.283	2.34955	5.14434	0.393275	0.241236	lidar	2.34499	13.0875	2.40708	13.2388	2.43409	4.605	2.08981
1477010445550000	13.4642	2.52039	5.09754	0.462005	0.340121	radar	10.366	12.7087	3.12439	13.4682	2.54047	4.56565	2.16317
1477010445600000	13.7126	2.62192	5.11254	0.467557	0.322528	lidar	0.795249	13.836	2.62479	13.6955	2.65053	4.52448	2.23703
1477010445650000	13.9313	2.744	5.10404	0.489936	0.334975	radar	0.18045	13.8302	2.73893	13.9208	2.7643	4.48147	2.31134
1477010445700000	14.1577	2.88912	5.11731	0.518064	0.350577	lidar	0.310533	14.2106	2.94205	14.1439	2.88179	4.43656	2.38601
1477010445750000	14.4067	2.98673	5.14443	0.503214	0.286211	radar	1.78876	14.5568	2.87021	14.3646	3.00303	4.38974	2.46099
1477010445800000	14.6201	3.05306	5.10553	0.490648	0.250295	lidar	2.51625	14.4616	2.90734	14.583	3.12802	4.34097	2.5362
1477010445850000	14.8474	3.2007	5.13449	0.508785	0.246494	radar	3.81696	14.6754	3.96041	14.7989	3.25679	4.29021	2.61157
1477010445900000	15.0492	3.39295	5.1508	0.558574	0.299396	lidar	0.954443	15.0261	3.5067	15.0122	3.38932	4.23744	2.68703
1477010445950000	15.2578	3.56406	5.15534	0.596297	0.338961	radar	2.32009	15.3685	4.14761	15.2228	3.52563	4.18263	2.76249
1477010446000000	15.4681	3.74636	5.17484	0.630632	0.362512	lidar	0.573086	15.5236	3.82936	15.4306	3.66572	4.12575	2.83789
1477010446050000	15.6819	3.87882	5.16884	0.635757	0.342687	radar	1.0291	15.7234	3.4105	15.6355	3.80957	4.06678	2.91315
1477010446100000	15.9054	4.01535	5.17202	0.63969	0.323739	lidar	0.307662	15.9774	4.00094	15.8375	3.95719	4.00571	2.98817
1477010446150000	16.0994	4.1879	5.16069	0.677194	0.371528	radar	1.68463	16.3376	4.21632	16.0363	4.10854	3.94251	3.0629
1477010446200000	16.2958	4.37844	5.17631	0.708514	0.388347	lidar	0.329372	16.3313	4.44499	16.2319	4.26363	3.87716	3.13723
1477010446250000	16.5067	4.53841	5.18538	0.715696	0.365668	radar	0.736449	16.7586	4.48231	16.4242	4.42242	3.80966	3.21109
1477010446300000	16.687	4.70717	5.17314	0.736896	0.37073	lidar	0.410778	16.6039	4.67344	16.613	4.5849	3.74	3.28438
1477010446350000	16.8336	4.9244	5.14883	0.809579	0.48691	radar	4.36658	16.9236	5.10119	16.7983	4.75103	3.66817	3.35704
1477010446400000	16.9973	5.14328	5.1631	0.849717	0.507724	lidar	0.297205	16.9955	5.21099	16.9799	4.92077	3.59416	3.42897
1477010446450000	17.1659	5.32484	5.15045	0.873501	0.513522	radar	1.82177	17.3421	4.64623	17.1579	5.09409	3.51797	3.50008
1477010446500000	17.3291	5.50236	5.13412	0.891039	0.504015	lidar	0.332139	17.2894	5.43542	17.3319	5.27094	3.4396	3.57028
1477010446550000	17.4824	5.68814	5.11405	0.919512	0.522159	radar	3.43059	17.6463	4.74597	17.5019	5.45128	3.35907	3.63949
1477010446600000	17.6853	5.80764	5.07648	0.898656	0.462378	lidar	2.85234	17.7853	5.62476	17.6679	5.63506	3.27637	3.70762
1477010446650000	17.8209	6.02286	5.06876	0.946724	0.518899	radar	1.04424	17.9216	6.07151	17.8297	5.82221	3.19151	3.77458
1477010446700000	18.0012	6.20056	5.06477	0.950257	0.488858	lidar	0.973689	18.1263	6.16985	17.9872	6.01269	3.10453	3.84027
1477010446750000	18.1466	6.41543	5.07206	0.976193	0.489457	radar	0.525949	18.1245	6.79027	18.1402	6.20641	3.01542	3.90462
1477010446800000	18.2697	6.64153	5.07586	1.01114	0.503249	lidar	0.194398	18.2164	6.66138	18.2888	6.40332	2.92421	3.96753
1477010446850000	18.3972	6.8637	5.07751	1.0423	0.515898	radar	0.137651	18.4022	7.02231	18.4328	6.60333	2.83093	4.0289
1477010446900000	18.5528	7.0033	5.01967	1.03361	0.475191	lidar	3.49342	18.5422	6.76013	18.572	6.80638	2.7356	4.08867
1477010446950000	18.7016	7.21119	5.02799	1.03591	0.42827	radar	0.625388	18.8089	7.24388	18.7064	7.01237	2.63825	4.14672
1477010447000000	18.9086	7.34427	4.9894	1.00313	0.359526	lidar	5.07024	19.1441	7.18344	18.8359	7.22122	2.53893	4.20299
1477010447050000	18.9864	7.56893	4.96464	1.06432	0.451637	radar	4.46482	18.5479	7.4012	18.9604	7.43283	2.43767	4.25737
1477010447100000	19.0796	7.81375	4.9785	1.10366	0.473155	lidar	0.464281	19.0138	7.8688	19.0798	7.64712	2.3345	4.3098
1477010447150000	19.198	8.02771	4.97536	1.11759	0.453939	radar	0.42755	19.3089	7.67375	19.1939	7.86397	2.22949	4.36017
1477010447200000	19.2798	8.23753	4.95042	1.14652	0.464071	lidar	1.73048	19.132	8.12845	19.3028	8.08329	2.12266	4.40842
1477010447250000	19.377	8.45432	4.94391	1.15928	0.434947	radar	2.50766	19.0239	8.17194	19.4062	8.30497	2.01409	4.45445
1477010447300000	19.4767	8.60786	4.87248	1.16312	0.417131	lidar	5.7247	19.347	8.30741	19.5042	8.5289	1.90381	4.49819
1477010447350000	19.5613	8.82846	4.86243	1.19328	0.441151	radar	0.793186	19.6843	8.35902	19.5966	8.75494	1.7919	4.53956
1477010447400000	19.7323	8.9926	4.83068	1.16746	0.381151	lidar	5.0387	20.0039	8.8906	19.6835	8.983	1.67841	4.57848
1477010447450000	19.7967	9.22603	4.82563	1.21317	0.439045	radar	1.00801	19.6061	9.48659	19.7645	9.21294	1.56341	4.61488
1477010447500000	19.9348	9.43345	4.82528	1.20754	0.402957	lidar	2.76764	20.1574	9.45949	19.8398	9.44463	1.44697	4.64869
1477010447550000	19.9689	9.67097	4.81256	1.27075	0.495578	radar	2.72047	19.6163	9.76606	19.9093	9.67795	1.32916	4.67984
1477010447600000	20.0612	9.89422	4.8126	1.28381	0.480274	lidar	0.519163	20.1573	9.90876	19.9728	9.91275	1.21005	4.70826
1477010447650000	20.12	10.1416	4.83032	1.30465	0.45922	radar	6.76695	19.1911	11.5493	20.0303	10.1489	1.08972	4.73389
1477010447700000	20.1711	10.3952	4.84861	1.33498	0.467278	lidar	0.309664	20.166	10.4687	20.0818	10.3863	0.968259	4.75666
1477010447750000	20.1806	10.6386	4.84131	1.39293	0.537894	radar	2.69174	19.6775	10.803	20.1271	10.6247	0.845742	4.77652
1477010447800000	20.2426	10.8936	4.86355	1.41233	0.526481	lidar	1.55858	20.371	11.0109	20.1663	10.864	0.722256	4.7934
1477010447850000	20.2727	11.1464	4.87721	1.43504	0.507133	radar	4.78407	19.4335	12.3402	20.1993	11.1041	0.597892	4.80727
1477010447900000	20.3078	11.3796	4.86918	1.45719	0.503887	lidar	0.060595	20.3164	11.3483	20.2261	11.3449	0.472738	4.81807
1477010447950000	20.2463	11.633	4.86338	1.55125	0.64758	radar	9.7515	19.2063	12.2418	20.2466	11.5861	0.346889	4.82575
1477010448000000	20.3195	11.8674	4.8623	1.55179	0.608254	lidar	5.02587	20.6141	11.9422	20.2608	11.8275	0.220439	4.83027
1477010448050000	20.3496	12.1027	4.85888	1.54093	0.503797	radar	4.24944	19.966	11.9688	20.2687	12.0692	0.093487	4.83159
1477010448100000	20.3403	12.3741	4.88883	1.57327	0.509376	lidar	0.840532	20.3263	12.4966	20.2701	12.3108	-0.0338694	4.82968
1477010448150000	20.2869	12.6147	4.88114	1.64216	0.606866	radar	2.81678	20.0192	12.4823	20.2652	12.5522	-0.161529	4.82451
1477010448200000	20.3119	12.8526	4.8759	1.65297	0.583694	lidar	1.98228	20.498	12.8924	20.254	12.7933	-0.28939	4.81605
1477010448250000	20.2987	13.0876	4.86771	1.67841	0.581448	radar	2.13764	20.9151	12.2555	20.2363	13.0339	-0.417348	4.80428
1477010448300000	20.2607	13.3044	4.84188	1.71092	0.588256	lidar	1.18602	20.1943	13.1688	20.2122	13.2738	-0.545298	4.78918
1477010448350000	20.2223	13.5411	4.83964	1.73221	0.561517	radar	1.39469	19.858	13.5236	20.1818	13.5129	-0.673135	4.77072
1477010448400000	20.205	13.7923	4.851	1.74977	0.547765	lidar	1.24554	20.3245	13.8896	20.1449	13.7509	-0.800753	4.74892
1477010448450000	20.1471	14.0225	4.8444	1.78882	0.575901	radar	0.808209	20.3387	13.5307	20.1017	13.9878	-0.928043	4.72374
1477010448500000	20.0946	14.2702	4.85695	1.81577	0.572461	lidar	0.271467	20.1216	14.337	20.0521	14.2233	-1.0549	4.69521
1477010448550000	20.0226	14.5002	4.85392	1.84522	0.56687	radar	1.39373	19.6717	14.4038	19.9962	14.4573	-1.18121	4.66331
1477010448600000	19.9176	14.7451	4.87488	1.88704	0.580906	lidar	1.0974	19.781	14.773	19.934	14.6897	-1.30687	4.62805
1477010448650000	19.8506	14.9671	4.8621	1.89834	0.533348	radar	3.45418	20.1149	14.0165	19.8655	14.9202	-1.43177	4.58944
1477010448700000	19.8191	15.19	4.84246	1.90624	0.51306	lidar	2.26108	20.0208	15.2053	19.7908	15.1486	-1.55581	4.54751
1477010448750000	19.6826	15.3987	4.84124	2.00074	0.6895	radar	7.39132	20.0157	15.3443	19.7099	15.3749	-1.67887	4.50226
1477010448800000	19.6459	15.5972	4.79892	2.01141	0.665224	lidar	4.09971	19.9131	15.554	19.6229	15.5989	-1.80085	4.45372
1477010448850000	19.5506	15.808	4.78961	2.03338	0.636667	radar	1.56387	19.9388	15.0864	19.5298	15.8203	-1.92164	4.40193
1477010448900000	19.4474	16.0178	4.78434	2.06298	0.634546	lidar	0.0457758	19.4748	16.0098	19.4307	16.039	-2.04114	4.3469
1477010448950000	19.3453	16.2306	4.77964	2.06981	0.566224	radar	2.04965	19.1556	16.0022	19.3257	16.2549	-2.15925	4.28868
1477010449000000	19.2337	16.4109	4.74948	2.10041	0.571852	lidar	1.03288	19.238	16.2719	19.2148	16.4679	-2.27586	4.22731
1477010449050000	19.1128	16.611	4.74589	2.12986	0.575372	radar	0.323139	19.4007	16.2962	19.0981	16.6777	-2.39087	4.16284
1477010449100000	18.9871	16.8145	4.74872	2.15681	0.572968	lidar	0.0439749	19.0029	16.8387	18.9757	16.8841	-2.50418	4.0953
1477010449150000	18.8297	17.0034	4.75917	2.22605	0.684339	radar	6.00063	18.8373	17.7112	18.8477	17.0872	-2.61571	4.02476
1477010449200000	18.6654	17.2226	4.79959	2.25927	0.679427	lidar	1.53278	18.6148	17.3832	18.7142	17.2866	-2.72534	3.95127
1477010449250000	18.562	17.4344	4.78703	2.22547	0.509212	radar	6.35974	18.8177	17.0316	18.5752	17.4822	-2.83299	3.87489
1477010449300000	18.3571	17.616	4.81378	2.27084	0.529997	lidar	3.725	18.1023	17.5529	18.4309	17.674	-2.93858	3.79568
1477010449350000	18.2193	17.8098	4.80866	2.2667	0.449329	radar	1.92315	18.2749	17.4877	18.2814	17.8617	-3.042	3.71372
1477010449400000	18.0894	17.9991	4.79863	2.2794	0.438786	lidar	0.891032	18.2094	18.0461	18.1268	18.0453	-3.14318	3.62906
1477010449450000	17.9106	18.1529	4.79114	2.33217	0.513302	radar	2.41401	18.3021	17.498	17.9671	18.2246	-3.24204	3.5418
1477010449500000	17.774	18.3039	4.75315	2.35321	0.510639	lidar	1.30239	17.9018	18.2183	17.8026	18.3994	-3.3385	3.45199
1477010449550000	17.6371	18.4884	4.74583	2.3588	0.476273	radar	6.54625	18.8558	18.1364	17.6334	18.5697	-3.43247	3.35973
1477010449600000	17.4511	18.6633	4.76508	2.38485	0.477562	lidar	0.335291	17.3845	18.7039	17.4595	18.7353	-3.5239	3.26509
1477010449650000	17.2669	18.8052	4.75726	2.42603	0.518365	radar	1.95865	17.7945	18.0801	17.281	18.8962	-3.61271	3.16817
1477010449700000	17.1031	18.9452	4.7333	2.45056	0.51834	lidar	0.484346	17.1762	18.8863	17.0983	19.0521	-3.69883	3.06904
1477010449750000	16.9354	19.1157	4.73788	2.46111	0.49029	radar	2.89428	16.9398	19.7311	16.9113	19.203	-3.78221	2.9678
1477010449800000	16.7207	19.2291	4.73336	2.50279	0.510787	lidar	2.81018	16.5734	19.052	16.7201	19.3488	-3.86278	2.86455
1477010449850000	16.5317	19.3804	4.74267	2.5292	0.522147	radar	3.18654	16.1674	20.2201	16.5251	19.4894	-3.9405	2.75938
1477010449900000	16.3162	19.5331	4.7729	2.55473	0.51934	lidar	0.758649	16.2338	19.6171	16.3262	19.6246	-4.01531	2.65237
1477010449950000	16.091	19.6165	4.76227	2.61214	0.580132	radar	10.1291	16.4366	18.2742	16.1237	19.7545	-4.08716	2.54364
1477010450000000	15.8891	19.7567	4.77445	2.63275	0.569398	lidar	0.752926	15.9243	19.8703	15.9176	19.8789	-4.15602	2.43329
1477010450050000	15.698	19.8852	4.76149	2.6293	0.485477	radar	3.18253	16.2328	19.2166	15.7082	19.9978	-4.22185	2.32141
1477010450100000	15.4766	20.0323	4.79478	2.64561	0.473597	lidar	1.34758	15.4332	20.1836	15.4956	20.111	-4.28461	2.2081
1477010450150000	15.2693	20.1708	4.80758	2.65589	0.449903	radar	5.62298	14.3677	21.3406	15.2799	20.2185	-4.34427	2.09347
1477010450200000	15.0789	20.3061	4.80335	2.6651	0.434615	lidar	1.72601	15.2016	20.4385	15.0613	20.3203	-4.4008	1.97763
1477010450250000	14.8491	20.3861	4.8025	2.70846	0.479123	radar	2.28484	14.7476	19.9571	14.84	20.4162	-4.4542	1.86068
1477010450300000	14.6346	20.5055	4.81144	2.72434	0.469148	lidar	0.62352	14.6665	20.6088	14.6161	20.5063	-4.50443	1.74272
1477010450350000	14.4016	20.5889	4.82	2.76658	0.517005	radar	1.3672	13.841	21.0031	14.3897	20.5904	-4.55149	1.62386
1477010450400000	14.156	20.6618	4.83214	2.80036	0.525579	lidar	0.826537	14.0521	20.5924	14.1611	20.6686	-4.59537	1.50421
1477010450450000	13.9223	20.731	4.83567	2.83934	0.558708	radar	0.315956	13.8232	20.859	13.9304	20.7408	-4.63606	1.38386
1477010450500000	13.6533	20.7904	4.86688	2.87647	0.567468	lidar	2.03687	13.4686	20.7253	13.6977	20.807	-4.67357	1.26294
1477010450550000	13.4092	20.8185	4.86731	2.937	0.645482	radar	1.92315	13.8263	20.4261	13.4632	20.8671	-4.70789	1.14153
1477010450600000	13.1601	20.8591	4.87516	2.97247	0.64864	lidar	0.194321	13.1072	20.8294	13.2271	20.9211	-4.73904	1.01975
1477010450650000	12.9309	20.9184	4.87045	2.98947	0.618936	radar	1.86339	13.2669	21.1579	12.9895	20.969	-4.76702	0.897694
1477010450700000	12.7192	20.9671	4.84718	3.01148	0.610274	lidar	1.69058	12.8729	21.0592	12.7506	21.0108	-4.79186	0.775469
1477010450750000	12.4722	21.0064	4.85794	3.03764	0.603285	radar	2.66305	11.5171	21.6724	12.5106	21.0465	-4.81358	0.653175
1477010450800000	12.2243	21.0436	4.86992	3.06207	0.595347	lidar	0.261469	12.2062	21.11	12.2695	21.0761	-4.83219	0.530912
1477010450850000	11.9873	21.0634	4.86671	3.09265	0.602418	radar	0.863986	12.3859	21.1066	12.0276	21.0996	-4.84773	0.408778
1477010450900000	11.7391	21.0351	4.86136	3.13776	0.620962	lidar	1.72129	11.6814	20.8651	11.785	21.117	-4.86022	0.286869
1477010450950000	11.4938	21.0218	4.86005	3.17131	0.620153	radar	1.04403	11.5265	20.6748	11.5418	21.1283	-4.86971	0.165281
1477010451000000	11.269	21.0182	4.84295	3.19881	0.617324	lidar	0.596981	11.363	21.0688	11.2982	21.1335	-4.87623	0.0441057
1477010451050000	11.0179	20.9791	4.84822	3.23737	0.62322	radar	4.09256	10.5558	20.5567	11.0544	21.1327	-4.87982	-0.076565
1477010451100000	10.798	20.9436	4.82441	3.27214	0.629682	lidar	0.482142	10.8903	20.927	10.8105	21.1259	-4.88053	-0.196643
1477010451150000	10.5475	20.9474	4.82675	3.26377	0.53302	radar	5.77905	9.30535	21.3896	10.5666	21.1131	-4.8784	-0.31604
1477010451200000	10.276	20.9753	4.86861	3.26389	0.496516	lidar	3.5166	10.189	21.209	10.3229	21.0943	-4.87349	-0.434674
1477010451250000	10.0363	20.9569	4.86829	3.2823	0.487789	radar	0.987679	9.97958	21.2932	10.0795	21.0697	-4.86585	-0.552463
1477010451300000	9.82986	20.9233	4.83185	3.30665	0.490202	lidar	1.6326	9.99634	20.9797	9.83658	21.0391	-4.85554	-0.669327
1477010451350000	9.58801	20.9195	4.82535	3.2942	0.404442	radar	1.80388	9.38223	21.111	9.59422	21.0028	-4.84262	-0.785189
1477010451400000	9.38498	20.8719	4.78743	3.31992	0.413339	lidar	1.29494	9.53921	20.8762	9.35258	20.9607	-4.82714	-0.899977
1477010451450000	9.15775	20.8307	4.78219	3.34459	0.428665	radar	1.59078	9.63392	20.9724	9.11177	20.9128	-4.80919	-1.01362
1477010451500000	8.88158	20.7973	4.82828	3.35598	0.41417	lidar	1.79732	8.70331	20.8221	8.87192	20.8594	-4.78881	-1.12605
1477010451550000	8.66136	20.7171	4.81689	3.39558	0.450896	radar	4.69941	9.84634	20.009	8.63315	20.8003	-4.76608	-1.2372
1477010451600000	8.39778	20.6313	4.85214	3.42513	0.457905	lidar	2.72031	8.22277	20.4839	8.39557	20.7358	-4.74108	-1.34701
1477010451650000	8.16903	20.5497	4.85369	3.45935	0.484291	radar	0.197572	8.29647	20.4978	8.1593	20.6657	-4.71387	-1.45542
1477010451700000	7.93037	20.4697	4.86387	3.48324	0.483381	lidar	0.124512	7.88599	20.45	7.92445	20.5903	-4.68453	-1.56237
1477010451750000	7.71444	20.3816	4.86073	3.52393	0.530535	radar	3.57288	8.29081	20.6565	7.69111	20.5096	-4.65313	-1.66781
1477010451800000	7.42482	20.3221	4.92571	3.5279	0.498601	lidar	3.693	7.18029	20.392	7.45939	20.4237	-4.61975	-1.7717
1477010451850000	7.19601	20.2242	4.92709	3.55167	0.493401	radar	0.225915	7.09214	20.1196	7.22939	20.3326	-4.58448	-1.87399
1477010451900000	6.93719	20.1428	4.95964	3.56318	0.474935	lidar	0.964765	6.81542	20.1859	7.00119	20.2364	-4.54738	-1.97462
1477010451950000	6.71296	20.0504	4.95403	3.5788	0.458427	radar	0.378501	6.89359	20.1536	6.7749	20.1352	-4.50854	-2.07357
1477010452000000	6.46573	19.9614	4.97509	3.59023	0.442756	lidar	0.507155	6.38914	20.0137	6.55059	20.0292	-4.46805	-2.17079
1477010452050000	6.24911	19.8666	4.96605	3.60901	0.44265	radar	2.69261	6.67637	20.2142	6.32834	19.9183	-4.42598	-2.26625
1477010452100000	5.98987	19.7756	5.00008	3.61472	0.420247	lidar	1.15036	5.86119	19.8306	6.10823	19.8027	-4.38241	-2.35993
1477010452150000	5.77253	19.6253	5.01757	3.66578	0.487414	radar	2.24936	5.28178	19.5036	5.89034	19.6824	-4.33744	-2.45178
1477010452200000	5.58123	19.5041	4.99063	3.69221	0.491292	lidar	0.90018	5.69089	19.5755	5.67472	19.5577	-4.29114	-2.5418
1477010452250000	5.38269	19.3532	4.98649	3.72904	0.512194	radar	1.66549	5.9506	18.9859	5.46145	19.4284	-4.24359	-2.62995
1477010452300000	5.16298	19.2532	4.98579	3.73577	0.488165	lidar	1.8789	5.17021	19.4397	5.25059	19.2948	-4.19488	-2.71622
1477010452350000	4.96252	19.143	4.95898	3.73666	0.436062	radar	4.51115	5.87397	19.301	5.04219	19.157	-4.1451	-2.80059
1477010452400000	4.78967	18.9909	4.93316	3.7701	0.452491	lidar	0.607775	4.89149	18.982	4.8363	19.015	-4.09432	-2.88305
1477010452450000	4.58644	18.8399	4.94658	3.80004	0.47485	radar	1.46627	3.98679	19.0452	4.63297	18.8689	-4.04263	-2.96359
1477010452500000	4.40152	18.7077	4.92862	3.81801	0.468296	lidar	1.05229	4.4685	18.834	4.43224	18.7188	-3.99012	-3.0422
1477010452550000	4.21036	18.5676	4.91131	3.82325	0.423409	radar	1.41633	4.69245	18.4634	4.23416	18.5648	-3.93685	-3.11888
1477010452600000	4.07399	18.4087	4.86289	3.86	0.446467	lidar	2.24667	4.26269	18.481	4.03876	18.4071	-3.88293	-3.19362
1477010452650000	3.90202	18.2328	4.88503	3.91478	0.533313	radar	6.82895	3.42434	18.8357	3.84606	18.2457	-3.82841	-3.26644
1477010452700000	3.65778	18.0946	4.93259	3.90695	0.484908	lidar	2.73119	3.45919	18.167	3.65611	18.0807	-3.77339	-3.33732
1477010452750000	3.48453	17.9449	4.90389	3.90961	0.432486	radar	3.43673	4.3011	17.9267	3.46891	17.9122	-3.71795	-3.40627
1477010452800000	3.26567	17.7805	4.93939	3.91416	0.407765	lidar	1.18729	3.12525	17.7493	3.28449	17.7402	-3.66215	-3.47331
1477010452850000	3.0962	17.5948	4.95613	3.95594	0.463069	radar	2.46109	2.65664	17.888	3.10287	17.565	-3.60609	-3.53844
1477010452900000	2.90809	17.4782	4.93428	3.94963	0.425257	lidar	6.05767	2.9449	17.8154	2.92405	17.3866	-3.54982	-3.60167
1477010452950000	2.77772	17.2583	4.94541	4.01707	0.520814	radar	3.0845	3.26647	17.0897	2.74805	17.2051	-3.49344	-3.66302
1477010453000000	2.60326	17.0738	4.95669	4.0342	0.508462	lidar	0.157984	2.55407	17.0853	2.57486	17.0205	-3.437	-3.72251
1477010453050000	2.43141	16.9084	4.93224	4.02482	0.430243	radar	2.16482	2.55039	16.8884	2.4045	16.833	-3.38059	-3.78014
1477010453100000	2.26379	16.7366	4.92951	4.03482	0.414913	lidar	0.514003	2.25371	16.8334	2.23695	16.6427	-3.32428	-3.83595
1477010453150000	2.08694	16.5433	4.93687	4.03473	0.365929	radar	5.01565	1.57735	16.0489	2.07221	16.4497	-3.26812	-3.88995
1477010453200000	1.93666	16.314	4.96007	4.06541	0.381526	lidar	2.36077	1.88972	16.1054	1.91027	16.254	-3.21219	-3.94216
1477010453250000	1.77042	16.1389	4.94578	4.05861	0.327756	radar	0.936929	1.74362	16.2687	1.75112	16.0557	-3.15656	-3.99261
1477010453300000	1.56516	15.9744	4.96564	4.04269	0.28336	lidar	1.61992	1.44745	16.0853	1.59474	15.8549	-3.10129	-4.04132
1477010453350000	1.45098	15.7401	4.98276	4.10274	0.377268	radar	2.37781	1.6097	15.5526	1.44111	15.6517	-3.04644	-4.08832
1477010453400000	1.28129	15.5256	5.01163	4.11291	0.364651	lidar	1.00728	1.18395	15.4284	1.29021	15.4463	-2.99207	-4.13364
1477010453450000	1.12389	15.333	5.01016	4.11623	0.339082	radar	0.896412	0.828993	15.528	1.14201	15.2386	-2.93825	-4.1773
1477010453500000	0.917679	15.1211	5.06227	4.10695	0.301954	lidar	2.86713	0.722706	15.0075	0.996486	15.0288	-2.88503	-4.21933
1477010453550000	0.762493	14.9393	5.03985	4.098	0.250899	radar	1.9772	1.03147	15.2134	0.853604	14.8169	-2.83246	-4.25977
1477010453600000	0.653441	14.7227	5.02279	4.12746	0.273999	lidar	0.464506	0.737301	14.7047	0.71333	14.603	-2.78061	-4.29864
1477010453650000	0.551437	14.4796	5.03806	4.17917	0.349979	radar	2.04476	0.722177	14.2445	0.575628	14.3872	-2.72952	-4.33598
1477010453700000	0.37972	14.2614	5.07055	4.17798	0.323988	lidar	1.11947	0.253435	14.2029	0.440459	14.1696	-2.67925	-4.37181
1477010453750000	0.277064	14.0097	5.10385	4.23527	0.417354	radar	3.58602	-0.0328023	13.9604	0.307779	13.9502	-2.62984	-4.40617
1477010453800000	0.251735	13.7553	5.06581	4.30092	0.479164	lidar	3.03556	0.459172	13.6856	0.177545	13.7292	-2.58135	-4.43909
1477010453850000	0.160069	13.5136	5.08229	4.33899	0.513941	radar	1.02462	0.0524412	13.6377	0.0497099	13.5065	-2.53381	-4.47061
1477010453900000	-0.00831408	13.2885	5.12011	4.32571	0.457397	lidar	2.10925	-0.190344	13.2856	-0.0757753	13.2823	-2.48728	-4.50075
1477010453950000	-0.127903	13.0694	5.10539	4.32294	0.405783	radar	1.0397	-0.275043	13.1456	-0.198962	13.0566	-2.44179	-4.52955
1477010454000000	-0.142556	12.8355	5.05788	4.38077	0.461707	lidar	2.66221	0.0462308	12.9301	-0.319903	12.8295	-2.39739	-4.55704
1477010454050000	-0.268598	12.6108	5.04799	4.36514	0.384723	radar	3.87851	-0.684792	12.3563	-0.438654	12.6011	-2.35412	-4.58326
1477010454100000	-0.391732	12.3765	5.06536	4.36402	0.35462	lidar	0.474326	-0.476482	12.3633	-0.555273	12.3714	-2.31202	-4.60823
1477010454150000	-0.528085	12.1678	5.05258	4.34192	0.284919	radar	3.74855	-0.972122	12.5207	-0.669818	12.1404	-2.27111	-4.63198
1477010454200000	-0.610138	11.9454	5.03675	4.3575	0.287579	lidar	0.483874	-0.582624	12.0386	-0.78235	11.9083	-2.23144	-4.65456
1477010454250000	-0.745164	11.7188	5.04492	4.34042	0.234569	radar	2.64149	-1.26757	11.6495	-0.892931	11.6751	-2.19304	-4.67598
1477010454300000	-0.940086	11.4831	5.09572	4.30023	0.160043	lidar	3.79194	-1.17212	11.3988	-1.00163	11.4409	-2.15594	-4.69628
1477010454350000	-1.0591	11.2555	5.08408	4.284	0.102824	radar	2.38495	-0.891441	10.959	-1.1085	11.2057	-2.12017	-4.71549
1477010454400000	-1.23396	11.0334	5.11065	4.25412	0.0548073	lidar	1.62411	-1.39289	11.0424	-1.21362	10.9695	-2.08575	-4.73364
1477010454450000	-1.30062	10.7849	5.12224	4.30206	0.149638	radar	2.05847	-1.29894	10.9012	-1.31706	10.7324	-2.05273	-4.75075
1477010454500000	-1.4258	10.5348	5.14884	4.30146	0.138963	lidar	0.966191	-1.49687	10.4198	-1.41889	10.4945	-2.02111	-4.76686
1477010454550000	-1.50169	10.273	5.1722	4.33949	0.205551	radar	1.9925	-1.59293	10.0212	-1.51917	10.2559	-1.99093	-4.78198
1477010454600000	-1.60528	10.06	5.15191	4.34002	0.192839	lidar	1.63242	-1.61875	10.2374	-1.61797	10.0165	-1.96221	-4.79615
1477010454650000	-1.69665	9.82807	5.14102	4.34572	0.182261	radar	0.385603	-1.59702	9.96554	-1.71539	9.77637	-1.93498	-4.80939
1477010454700000	-1.775	9.60397	5.11961	4.3579	0.186683	lidar	0.708692	-1.73381	9.71347	-1.81147	9.53564	-1.90924	-4.82172
1477010454750000	-1.87588	9.35489	5.14504	4.37347	0.213928	radar	2.61893	-2.27191	9.37316	-1.90631	9.29431	-1.88502	-4.83316
1477010454800000	-1.9497	9.06638	5.18278	4.39631	0.229713	lidar	4.51092	-1.93833	8.77028	-1.99998	9.05243	-1.86233	-4.84374
1477010454850000	-2.04173	8.84063	5.16079	4.38896	0.187585	radar	1.62606	-1.96565	9.13274	-2.09256	8.81003	-1.8412	-4.85347
1477010454900000	-2.13647	8.58926	5.1742	4.39279	0.179658	lidar	0.214781	-2.1768	8.5411	-2.18412	8.56717	-1.82164	-4.86238
1477010454950000	-2.26052	8.33937	5.20014	4.38143	0.150831	radar	2.94495	-2.65862	8.19477	-2.27474	8.32388	-1.80365	-4.87047
1477010455000000	-2.31182	8.10054	5.17742	4.40307	0.170528	lidar	0.658722	-2.21875	8.15339	-2.3645	8.0802	-1.78726	-4.87778
1477010455050000	-2.38291	7.88195	5.14386	4.40674	0.157458	radar	5.33052	-2.273	8.52315	-2.45348	7.83617	-1.77248	-4.8843
1477010455100000	-2.4938	7.63293	5.16451	4.39905	0.136043	lidar	0.674097	-2.59674	7.60288	-2.54177	7.59184	-1.75931	-4.89006
1477010455150000	-2.66224	7.40099	5.18061	4.3435	0.0183219	radar	5.24098	-3.08256	7.38874	-2.62944	7.34723	-1.74777	-4.89507
1477010455200000	-2.76549	7.14707	5.19785	4.34159	0.0144686	lidar	0.41693	-2.79865	7.064	-2.71658	7.10238	-1.73786	-4.89933
1477010455250000	-2.82462	6.90858	5.18411	4.36977	0.0729186	radar	1.7965	-2.79412	7.20818	-2.80326	6.85734	-1.72958	-4.90286
1477010455300000	-2.87504	6.6917	5.13906	4.38526	0.0876908	lidar	2.54596	-2.74651	6.86867	-2.88957	6.61214	-1.72295	-4.90566
1477010455350000	-2.94985	6.46288	5.10992	4.37271	0.0318338	radar	4.12594	-2.57673	6.36755	-2.97559	6.36681	-1.71797	-4.90774
1477010455400000	-3.0067	6.22302	5.0945	4.38616	0.046924	lidar	0.618252	-2.90217	6.22989	-3.0614	6.12139	-1.71464	-4.90911
1477010455450000	-3.11885	5.97848	5.11701	4.38091	0.0470942	radar	3.05343	-3.50172	6.10796	-3.14709	5.87592	-1.71297	-4.90976
1477010455500000	-3.19665	5.70859	5.14226	4.38924	0.0549078	lidar	1.6437	-3.1778	5.53101	-3.23274	5.63043	-1.71295	-4.9097
1477010455550000	-3.30547	5.46272	5.15096	4.36451	-0.0108522	radar	1.92366	-3.19736	5.19093	-3.31843	5.38496	-1.71458	-4.90893
1477010455600000	-3.40002	5.20503	5.1705	4.36333	-0.0114333	lidar	0.564365	-3.43031	5.10507	-3.40424	5.13955	-1.71787	-4.90745
1477010455650000	-3.46501	4.95724	5.16745	4.3839	0.0360007	radar	0.427735	-3.4281	4.94644	-3.49026	4.89422	-1.72281	-4.90525
1477010455700000	-3.57318	4.68695	5.20752	4.37933	0.0289987	lidar	2.18731	-3.69435	4.52196	-3.57657	4.64902	-1.72939	-4.90233
1477010455750000	-3.68067	4.4371	5.2178	4.35559	-0.0351812	radar	2.02475	-3.50501	4.17643	-3.66325	4.40398	-1.73763	-4.89868
1477010455800000	-3.80932	4.17407	5.25809	4.34231	-0.0478751	lidar	2.80337	-4.00238	4.04684	-3.75039	4.15913	-1.74749	-4.8943
1477010455850000	-3.88974	3.93102	5.25156	4.35935	0.00402604	radar	1.26672	-4.06447	4.10977	-3.83806	3.91452	-1.75899	-4.88918
1477010455900000	-3.96553	3.69322	5.2343	4.3636	0.00793551	lidar	0.551681	-3.88053	3.75177	-3.92635	3.67019	-1.77212	-4.8833
1477010455950000	-4.07118	3.48203	5.20384	4.34033	-0.0477185	radar	3.83071	-4.23729	3.88878	-4.01533	3.42616	-1.78686	-4.87666
1477010456000000	-4.16349	3.23687	5.20571	4.33928	-0.0460678	lidar	0.0235656	-4.15119	3.21968	-4.10509	3.18248	-1.8032	-4.86925
1477010456050000	-4.27613	2.98679	5.22319	4.32332	-0.0801384	radar	0.644411	-4.27467	2.88187	-4.19571	2.93919	-1.82113	-4.86104
1477010456100000	-4.36462	2.7169	5.24808	4.32782	-0.0685482	lidar	1.536	-4.32451	2.55034	-4.28727	2.69633	-1.84065	-4.85202
1477010456150000	-4.45101	2.46612	5.25012	4.33724	-0.0375243	radar	0.29875	-4.38481	2.39989	-4.37985	2.45393	-1.86173	-4.84218
1477010456200000	-4.5536	2.20512	5.27268	4.33655	-0.0343471	lidar	0.824251	-4.61223	2.09192	-4.47352	2.21205	-1.88436	-4.83149
1477010456250000	-4.66451	1.97435	5.26452	4.30426	-0.121831	radar	3.63063	-4.29257	1.92854	-4.56836	1.97072	-1.90853	-4.81994
1477010456300000	-4.7783	1.70764	5.29852	4.3007	-0.115827	lidar	1.92525	-4.86829	1.53442	-4.66444	1.72998	-1.93422	-4.80751
1477010456350000	-4.90091	1.46276	5.31156	4.28117	-0.151486	radar	0.459694	-4.98165	1.43611	-4.76186	1.48989	-1.9614	-4.79417
1477010456400000	-4.96516	1.2206	5.28596	4.28817	-0.136297	lidar	4.74696	-4.66779	1.28643	-4.86066	1.25049	-1.99007	-4.7799
1477010456450000	-5.06243	0.995523	5.25999	4.28984	-0.110297	radar	1.04809	-4.98594	1.10894	-4.96095	1.01182	-2.02019	-4.76468
1477010456500000	-5.12695	0.755293	5.23619	4.29762	-0.0959722	lidar	4.0354	-4.85498	0.825661	-5.06277	0.77393	-2.05174	-4.74848
1477010456550000	-5.21666	0.470803	5.28113	4.30351	-0.0901174	radar	5.43957	-4.84736	0.18101	-5.16621	0.536876	-2.08471	-4.73127
1477010456600000	-5.29316	0.225644	5.26913	4.30865	-0.0786659	lidar	1.5438	-5.1231	0.257311	-5.27133	0.300706	-2.11906	-4.71303
1477010456650000	-5.4021	-0.0133812	5.26417	4.31793	-0.0290075	radar	5.95642	-5.99809	-0.290765	-5.3782	0.0654719	-2.15477	-4.69374
1477010456700000	-5.47329	-0.258041	5.2507	4.32642	-0.01681	lidar	1.65669	-5.29972	-0.212982	-5.4869	-0.168772	-2.1918	-4.67335
1477010456750000	-5.59726	-0.450773	5.20625	4.30058	-0.0608325	radar	3.97223	-5.64447	-0.144522	-5.59748	-0.401971	-2.23014	-4.65185
1477010456800000	-5.73708	-0.642778	5.17044	4.27386	-0.0948507	lidar	2.91547	-5.85359	-0.445801	-5.71001	-0.634069	-2.26974	-4.62919
1477010456850000	-5.85342	-0.865891	5.16947	4.2458	-0.164409	radar	5.15571	-5.30947	-0.724468	-5.82456	-0.865006	-2.31058	-4.60536
1477010456900000	-5.94717	-1.12858	5.19521	4.25437	-0.139697	lidar	1.35592	-5.87835	-1.26863	-5.94118	-1.09472	-2.35262	-4.58032
1477010456950000	-6.03312	-1.39235	5.21633	4.26685	-0.110383	radar	2.81783	-5.68069	-1.52871	-6.05993	-1.32316	-2.39581	-4.55404
1477010457000000	-6.1735	-1.60123	5.20019	4.24436	-0.135224	lidar	1.03883	-6.27263	-1.50938	-6.18087	-1.55025	-2.44014	-4.52648
1477010457050000	-6.32067	-1.82431	5.22009	4.20003	-0.236264	radar	3.66948	-6.11355	-1.75966	-6.30406	-1.77593	-2.48555	-4.49762
1477010457100000	-6.42584	-2.07155	5.23168	4.2029	-0.214603	lidar	0.66782	-6.34007	-2.13685	-6.42954	-2.00014	-2.532	-4.46742
1477010457150000	-6.57891	-2.27497	5.21364	4.18037	-0.224116	radar	2.88995	-6.99344	-2.17445	-6.55738	-2.22281	-2.57946	-4.43585
1477010457200000	-6.72995	-2.48435	5.20671	4.15825	-0.240331	lidar	0.316215	-6.79288	-2.4458	-6.68761	-2.44386	-2.62788	-4.40288
1477010457250000	-6.88769	-2.69282	5.20477	4.13403	-0.26058	radar	0.914938	-7.14408	-2.67584	-6.82029	-2.66323	-2.6772	-4.36847
1477010457300000	-6.97547	-2.96091	5.23118	4.15833	-0.204322	lidar	2.98687	-6.8003	-3.10086	-6.95546	-2.88084	-2.7274	-4.3326
1477010457350000	-7.10354	-3.18687	5.22436	4.15978	-0.175602	radar	0.312502	-7.13937	-3.22028	-7.09316	-3.09663	-2.7784	-4.29523
1477010457400000	-7.2284	-3.3885	5.19766	4.14928	-0.179235	lidar	1.36724	-7.12118	-3.26434	-7.23344	-3.3105	-2.83017	-4.25632
1477010457450000	-7.37313	-3.63122	5.22328	4.14741	-0.165717	radar	4.49465	-7.77186	-4.08999	-7.37632	-3.5224	-2.88265	-4.21586
1477010457500000	-7.53669	-3.77924	5.16323	4.10634	-0.216136	lidar	4.66466	-7.49009	-3.49081	-7.52184	-3.73223	-2.93579	-4.1738
1477010457550000	-7.68221	-3.98674	5.16108	4.09323	-0.223286	radar	0.451026	-7.52393	-3.88213	-7.67004	-3.93992	-2.98953	-4.13012
1477010457600000	-7.83409	-4.21345	5.17893	4.08763	-0.214486	lidar	0.481136	-7.88049	-4.29783	-7.82094	-4.14538	-3.04381	-4.08479
1477010457650000	-7.98448	-4.4307	5.18392	4.082	-0.204121	radar	0.40113	-8.08524	-4.57834	-7.97457	-4.34854	-3.09857	-4.03778
1477010457700000	-8.14205	-4.66625	5.21187	4.07968	-0.191636	lidar	1.25317	-8.22492	-4.79812	-8.13095	-4.5493	-3.15376	-3.98906
1477010457750000	-8.27676	-4.88135	5.18625	4.09392	-0.132418	radar	2.52678	-8.453	-4.95621	-8.2901	-4.74759	-3.2093	-3.93862
1477010457800000	-8.40624	-5.10368	5.18577	4.0999	-0.113637	lidar	0.290333	-8.33552	-5.1059	-8.45204	-4.94331	-3.26514	-3.88641
1477010457850000	-8.5494	-5.28633	5.14016	4.09758	-0.0905902	radar	4.20165	-8.55062	-4.79248	-8.61678	-5.13637	-3.32121	-3.83242
1477010457900000	-8.74359	-5.47916	5.15012	4.06888	-0.126335	lidar	1.68853	-8.91477	-5.51752	-8.78433	-5.32669	-3.37745	-3.77663
1477010457950000	-8.89921	-5.68238	5.14302	4.06507	-0.116683	radar	0.385907	-9.04115	-5.69364	-8.95469	-5.51417	-3.43377	-3.71901
1477010458000000	-9.0585	-5.86911	5.12948	4.05152	-0.128232	lidar	0.270548	-9.03391	-5.80267	-9.12788	-5.69872	-3.49012	-3.65955
1477010458050000	-9.19193	-6.04474	5.07591	4.0553	-0.0978551	radar	6.93538	-8.86897	-5.41973	-9.30388	-5.88026	-3.54643	-3.59823
1477010458100000	-9.38313	-6.14864	5.01117	4.00181	-0.170305	lidar	6.21333	-9.30811	-5.82368	-9.4827	-6.05868	-3.60261	-3.53503
1477010458150000	-9.55503	-6.33566	5.00929	3.99154	-0.169156	radar	0.875758	-9.80646	-6.41174	-9.66432	-6.23389	-3.6586	-3.46994
1477010458200000	-9.69471	-6.54228	5.01086	4.00086	-0.142845	lidar	0.321358	-9.62547	-6.55958	-9.84874	-6.4058	-3.71431	-3.40295
1477010458250000	-9.92151	-6.69388	5.02748	3.94909	-0.21694	radar	6.76694	-10.6688	-6.35543	-10.0359	-6.57431	-3.76969	-3.33404
1477010458300000	-10.1301	-6.84931	5.02757	3.91494	-0.251274	lidar	0.568329	-10.2246	-6.83402	-10.2259	-6.73933	-3.82463	-3.26321
1477010458350000	-10.3156	-7.0098	5.02498	3.8934	-0.267495	radar	1.09813	-10.2205	-6.71044	-10.4186	-6.90075	-3.87907	-3.19046
1477010458400000	-10.5467	-7.17799	5.05399	3.86073	-0.294848	lidar	3.06545	-10.7616	-7.29159	-10.614	-7.05849	-3.93293	-3.11577
1477010458450000	-10.7565	-7.31483	5.04868	3.82623	-0.325959	radar	1.92593	-10.8944	-6.83335	-10.8121	-7.21245	-3.98613	-3.03916
1477010458500000	-11.0021	-7.46608	5.07797	3.78838	-0.356296	lidar	3.0778	-11.2219	-7.56979	-11.0128	-7.36252	-4.03859	-2.96062
1477010458550000	-11.1952	-7.60475	5.05372	3.76984	-0.357089	radar	1.36136	-10.986	-7.3707	-11.2161	-7.50862	-4.09021	-2.88015
1477010458600000	-11.3409	-7.76861	5.02211	3.78147	-0.315457	lidar	3.67176	-11.0934	-7.6776	-11.422	-7.65064	-4.14093	-2.79777
1477010458650000	-11.5413	-7.89309	4.99915	3.75613	-0.329916	radar	1.99298	-11.4213	-7.46085	-11.6304	-7.78849	-4.19066	-2.71349
1477010458700000	-11.7249	-7.99953	4.95927	3.73078	-0.345335	lidar	3.61865	-11.5269	-7.8215	-11.8413	-7.92208	-4.23932	-2.6273
1477010458750000	-11.9273	-8.10928	4.91625	3.70304	-0.361981	radar	2.40751	-11.9422	-7.88317	-12.0546	-8.05131	-4.28682	-2.53924
1477010458800000	-12.145	-8.19802	4.89913	3.66305	-0.39517	lidar	0.841565	-12.09	-8.08828	-12.2702	-8.17609	-4.33309	-2.44932
1477010458850000	-12.3691	-8.31957	4.93033	3.64287	-0.391464	radar	2.26277	-12.4462	-8.02117	-12.4881	-8.29633	-4.37802	-2.35756
1477010458900000	-12.5736	-8.40093	4.90067	3.61021	-0.412584	lidar	2.1886	-12.4231	-8.2599	-12.7082	-8.41193	-4.42156	-2.26399
1477010458950000	-12.7918	-8.47633	4.86455	3.57	-0.448235	radar	2.02562	-12.7461	-8.19449	-12.9304	-8.5228	-4.4636	-2.16863
1477010459000000	-13.0607	-8.56381	4.90095	3.52847	-0.473246	lidar	3.10456	-13.2911	-8.64594	-13.1547	-8.62886	-4.50407	-2.07151
1477010459050000	-13.3071	-8.658	4.93145	3.50589	-0.46395	radar	2.46705	-13.7929	-8.47158	-13.381	-8.73002	-4.54289	-1.97267
1477010459100000	-13.5274	-8.70621	4.90606	3.46636	-0.48972	lidar	1.94813	-13.384	-8.57583	-13.6092	-8.82619	-4.57997	-1.87214
1477010459150000	-13.7605	-8.72812	4.86728	3.40517	-0.558109	radar	3.67124	-13.6376	-8.26344	-13.8392	-8.91729	-4.61524	-1.76997
1477010459200000	-13.9739	-8.85536	4.87052	3.41786	-0.499623	lidar	1.2489	-13.9959	-8.99264	-14.0709	-9.00324	-4.64861	-1.6662
1477010459250000	-14.2164	-8.95116	4.90908	3.42038	-0.439841	radar	2.87548	-14.4737	-8.79552	-14.3043	-9.08395	-4.68001	-1.56086
1477010459300000	-14.4308	-9.07514	4.90541	3.43432	-0.389126	lidar	0.861287	-14.4273	-9.1875	-14.5391	-9.15936	-4.70936	-1.45402
1477010459350000	-14.6621	-9.14359	4.89709	3.41331	-0.395538	radar	0.27734	-14.5757	-9.32634	-14.7754	-9.22939	-4.73658	-1.34573
1477010459400000	-14.942	-9.13629	4.92303	3.34769	-0.458573	lidar	1.54298	-15.062	-9.04396	-15.013	-9.29397	-4.76161	-1.23603
1477010459450000	-15.1952	-9.21311	4.9448	3.34062	-0.431206	radar	4.51653	-15.6189	-9.69365	-15.2517	-9.35302	-4.78436	-1.125
1477010459500000	-15.4479	-9.34142	4.97202	3.36159	-0.36907	lidar	5.35807	-15.6682	-9.56749	-15.4916	-9.40649	-4.80476	-1.01269
1477010459550000	-15.6954	-9.36503	4.95632	3.31697	-0.42318	radar	1.97889	-15.9382	-9.35751	-15.7324	-9.45431	-4.82275	-0.899159
1477010459600000	-15.9465	-9.45783	4.9723	3.32298	-0.383634	lidar	2.1155	-16.0862	-9.59819	-15.9741	-9.49642	-4.83827	-0.784484
1477010459650000	-16.2009	-9.46034	4.96777	3.27415	-0.436568	radar	2.3091	-16.6033	-8.85459	-16.2164	-9.53277	-4.85124	-0.668734
1477010459700000	-16.4528	-9.45154	4.96914	3.2308	-0.46668	lidar	0.465248	-16.4229	-9.37029	-16.4594	-9.5633	-4.8616	-0.55198
1477010459750000	-16.68	-9.44104	4.93913	3.18699	-0.508196	radar	5.18278	-16.011	-9.33486	-16.7027	-9.58797	-4.8693	-0.434301
1477010459800000	-16.9563	-9.4292	4.96902	3.14854	-0.523512	lidar	1.3031	-17.1132	-9.43043	-16.9464	-9.60673	-4.87427	-0.315773
1477010459850000	-17.2041	-9.49929	4.97825	3.16962	-0.442909	radar	8.03871	-16.9255	-10.8571	-17.1903	-9.61954	-4.87646	-0.196479
1477010459900000	-17.4616	-9.52086	4.98806	3.15606	-0.430329	lidar	0.513123	-17.5448	-9.57485	-17.4342	-9.62636	-4.87583	-0.0765024
1477010459950000	-17.7195	-9.50718	4.99176	3.11962	-0.461732	radar	1.69361	-18.1371	-9.39146	-17.6781	-9.62717	-4.87232	0.0440703
1477010460000000	-17.9733	-9.47387	4.99786	3.08352	-0.478863	lidar	0.171136	-17.9724	-9.42299	-17.9216	-9.62194	-4.86588	0.165151
1477010460050000	-18.2204	-9.42924	4.99205	3.037	-0.524348	radar	0.621811	-18.3083	-9.18778	-18.1648	-9.61064	-4.85648	0.286648
1477010460100000	-18.43	-9.47657	4.9455	3.04988	-0.476183	lidar	2.55419	-18.2763	-9.60997	-18.4074	-9.59325	-4.84408	0.40847
1477010460150000	-18.6675	-9.4645	4.94052	3.04046	-0.444547	radar	1.71032	-18.2443	-9.58547	-18.6493	-9.56977	-4.82864	0.530522
1477010460200000	-18.915	-9.45974	4.93987	3.0298	-0.429089	lidar	0.268402	-18.9545	-9.51544	-18.8904	-9.54017	-4.81012	0.652707
1477010460250000	-19.1468	-9.41996	4.93149	3.00851	-0.420606	radar	3.98379	-18.6983	-9.02886	-19.1305	-9.50447	-4.78851	0.774927
1477010460300000	-19.3887	-9.29889	4.94517	2.94476	-0.476699	lidar	2.91458	-19.2983	-9.09865	-19.3694	-9.46265	-4.76378	0.897083
1477010460350000	-19.6243	-9.21556	4.94078	2.89461	-0.529551	radar	1.02882	-19.7037	-8.79906	-19.6069	-9.41472	-4.73591	1.01907
1477010460400000	-19.8699	-9.09427	4.96199	2.8405	-0.56415	lidar	1.0876	-19.8731	-8.96417	-19.8431	-9.36071	-4.70487	1.1408
1477010460450000	-20.1061	-8.99389	4.97051	2.80492	-0.566275	radar	4.88518	-20.3815	-7.6755	-20.0775	-9.30061	-4.67066	1.26215
1477010460500000	-20.2988	-9.11549	4.86736	2.86916	-0.457877	lidar	15.809	-20.1607	-9.59663	-20.3102	-9.23446	-4.63328	1.38303
1477010460550000	-20.5389	-9.07187	4.86819	2.86257	-0.429251	radar	1.5305	-20.4587	-9.7448	-20.5409	-9.16227	-4.59271	1.50334
1477010460600000	-20.7582	-8.9792	4.86254	2.82898	-0.44556	lidar	0.739406	-20.6596	-8.91527	-20.7696	-9.08409	-4.54895	1.62296
1477010460650000	-20.999	-8.89582	4.87362	2.80079	-0.46	radar	2.31585	-21.5568	-8.5005	-20.9959	-8.99994	-4.50202	1.74179
1477010460700000	-21.1985	-8.82634	4.83959	2.7809	-0.458963	lidar	1.69575	-21.0195	-8.85081	-21.2198	-8.90987	-4.45191	1.85972
1477010460750000	-21.4315	-8.73425	4.8467	2.75074	-0.479102	radar	1.80035	-21.8628	-8.64129	-21.4412	-8.81393	-4.39865	1.97666
1477010460800000	-21.6307	-8.70713	4.79543	2.75388	-0.448464	lidar	2.56301	-21.5029	-8.87191	-21.6597	-8.71217	-4.34224	2.0925
1477010460850000	-21.8243	-8.54717	4.7888	2.67145	-0.573452	radar	6.34712	-21.9514	-7.41274	-21.8754	-8.60465	-4.2827	2.20712
1477010460900000	-22.0271	-8.47396	4.76273	2.65819	-0.555809	lidar	0.701957	-21.9793	-8.57089	-22.0881	-8.49143	-4.22007	2.32043
1477010460950000	-22.2382	-8.36403	4.7662	2.64436	-0.516019	radar	2.03109	-22.1914	-7.70392	-22.2975	-8.37258	-4.15437	2.43232
1477010461000000	-22.4642	-8.27576	4.76919	2.6337	-0.49652	lidar	1.09403	-22.5838	-8.35296	-22.5035	-8.24817	-4.08564	2.5427
1477010461050000	-22.6582	-8.1504	4.75959	2.59758	-0.522647	radar	0.998465	-22.3177	-8.57758	-22.7061	-8.11829	-4.01391	2.65145
1477010461100000	-22.8776	-7.93066	4.82727	2.5363	-0.560656	lidar	4.6521	-22.9861	-7.6724	-22.9049	-7.98301	-3.93923	2.75848
1477010461150000	-23.0683	-7.77671	4.82722	2.48184	-0.629978	radar	3.08682	-23.2693	-8.32031	-23.1	-7.84243	-3.86163	2.8637
1477010461200000	-23.2868	-7.61103	4.86304	2.45131	-0.625005	lidar	1.99923	-23.4777	-7.56583	-23.2911	-7.69663	-3.78118	2.967
1477010461250000	-23.4886	-7.47574	4.86556	2.45477	-0.539866	radar	2.10792	-23.473	-7.02103	-23.4781	-7.54572	-3.69792	3.06828
1477010461300000	-23.6559	-7.32873	4.84358	2.42684	-0.543423	lidar	0.742338	-23.5408	-7.36069	-23.6609	-7.3898	-3.61191	3.16746
1477010461350000	-23.8466	-7.1713	4.85052	2.41132	-0.513396	radar	0.938238	-24.0505	-6.56968	-23.8393	-7.22897	-3.52321	3.26445
1477010461400000	-24.0146	-7.0686	4.79982	2.40396	-0.496716	lidar	2.47627	-23.9384	-7.26171	-24.0132	-7.06336	-3.43189	3.35916
1477010461450000	-24.1808	-6.88555	4.80565	2.36329	-0.528697	radar	1.87225	-24.3577	-5.94086	-24.1825	-6.89307	-3.33801	3.45149
1477010461500000	-24.3337	-6.64704	4.84246	2.31039	-0.557216	lidar	2.94439	-24.2574	-6.4352	-24.347	-6.71823	-3.24166	3.54138
1477010461550000	-24.5007	-6.47072	4.84382	2.27575	-0.585194	radar	3.41985	-24.788	-7.18367	-24.5066	-6.53896	-3.14289	3.62873
1477010461600000	-24.6052	-6.31613	4.78195	2.2423	-0.596599	lidar	5.62305	-24.3008	-6.43799	-24.6612	-6.35538	-3.0418	3.71347
1477010461650000	-24.7469	-6.1251	4.78044	2.2128	-0.592265	radar	0.317006	-24.6108	-6.00878	-24.8107	-6.16764	-2.93846	3.79553
1477010461700000	-24.9248	-5.93187	4.80718	2.19451	-0.575886	lidar	2.55265	-25.146	-5.91902	-24.955	-5.97587	-2.83295	3.87484
1477010461750000	-25.0557	-5.72755	4.80878	2.16629	-0.565777	radar	1.85122	-24.8975	-5.02285	-25.094	-5.7802	-2.72537	3.95132
1477010461800000	-25.19	-5.55273	4.78839	2.14559	-0.558864	lidar	0.474121	-25.1941	-5.64372	-25.2276	-5.58079	-2.61581	4.02492
1477010461850000	-25.3445	-5.36717	4.79075	2.14632	-0.493135	radar	1.26884	-25.5328	-5.4399	-25.3556	-5.37777	-2.50435	4.09557
1477010461900000	-25.4863	-5.15248	4.81049	2.12313	-0.489481	lidar	0.51259	-25.5713	-5.10241	-25.4779	-5.1713	-2.39109	4.16322
1477010461950000	-25.6199	-4.97024	4.79491	2.12421	-0.42704	radar	6.16389	-25.0178	-6.55904	-25.5946	-4.96152	-2.27613	4.22781
1477010462000000	-25.738	-4.79343	4.76589	2.10766	-0.423801	lidar	0.730494	-25.6952	-4.89995	-25.7055	-4.7486	-2.15956	4.2893
1477010462050000	-25.8576	-4.58675	4.76673	2.08867	-0.416292	radar	0.122696	-25.8162	-4.40681	-25.8105	-4.53268	-2.04149	4.34764
1477010462100000	-25.9685	-4.35447	4.78643	2.06082	-0.423265	lidar	0.453895	-25.9516	-4.26659	-25.9096	-4.31392	-1.92202	4.40279
1477010462150000	-26.0744	-4.13399	4.79218	2.00468	-0.528966	radar	11.3936	-26.8953	-4.43966	-26.0027	-4.0925	-1.80125	4.45471
1477010462200000	-26.1608	-3.86456	4.83469	1.96364	-0.543368	lidar	2.07884	-26.1198	-3.67723	-26.0897	-3.86856	-1.67928	4.50337
1477010462250000	-26.2332	-3.62974	4.83844	1.9035	-0.633069	radar	3.30835	-26.5652	-3.85723	-26.1706	-3.64227	-1.55623	4.54875
1477010462300000	-26.2584	-3.36435	4.8493	1.84759	-0.66086	lidar	4.40476	-25.9974	-3.24722	-26.2453	-3.41381	-1.4322	4.59081
1477010462350000	-26.3085	-3.12415	4.8515	1.80071	-0.694257	radar	0.241603	-26.2976	-3.01078	-26.3138	-3.18332	-1.30729	4.62954
1477010462400000	-26.3305	-2.8834	4.84316	1.75486	-0.708119	lidar	1.29071	-26.1741	-2.87885	-26.376	-2.95098	-1.18162	4.66493
1477010462450000	-26.3915	-2.65718	4.83606	1.73898	-0.665016	radar	1.62336	-26.4681	-3.44967	-26.4319	-2.71697	-1.05529	4.69696
1477010462500000	-26.4697	-2.48353	4.784	1.72862	-0.644599	lidar	5.86292	-26.674	-2.73852	-26.4815	-2.48143	-0.928411	4.72562
1477010462550000	-26.5272	-2.24814	4.78707	1.71963	-0.587377	radar	1.19319	-26.657	-1.72382	-26.5247	-2.24456	-0.80109	4.75091
1477010462600000	-26.5778	-2.04341	4.75896	1.7002	-0.578898	lidar	1.38324	-26.6691	-2.17333	-26.5616	-2.0065	-0.673434	4.77284
1477010462650000	-26.6099	-1.80494	4.75962	1.68641	-0.532678	radar	2.00044	-26.3248	-1.32261	-26.5921	-1.76744	-0.545553	4.79141
1477010462700000	-26.6073	-1.56038	4.76127	1.64893	-0.545192	lidar	1.08689	-26.4671	-1.53207	-26.6161	-1.52753	-0.417552	4.80664
1477010462750000	-26.6036	-1.32742	4.75518	1.60246	-0.5937	radar	1.69883	-26.4998	-2.19526	-26.6338	-1.28695	-0.289538	4.81852
1477010462800000	-26.6065	-1.09997	4.74414	1.57291	-0.594508	lidar	0.102922	-26.5998	-1.14277	-26.6451	-1.04586	-0.161616	4.8271
1477010462850000	-26.6369	-0.871079	4.73984	1.56107	-0.564515	radar	5.22997	-27.2008	-1.67679	-26.65	-0.804425	-0.0338883	4.83238
1477010462900000	-26.6478	-0.627247	4.75002	1.5391	-0.556303	lidar	0.461374	-26.7355	-0.59539	-26.6485	-0.562811	0.0935412	4.83439
1477010462950000	-26.6343	-0.387276	4.75665	1.49694	-0.600322	radar	2.20141	-26.9891	0.0351487	-26.6406	-0.321181	0.220572	4.83317
1477010463000000	-26.5875	-0.11027	4.79823	1.45646	-0.609205	lidar	2.52494	-26.4553	0.0602653	-26.6264	-0.0796947	0.347104	4.82874
1477010463050000	-26.5685	0.127366	4.80026	1.42693	-0.615999	radar	1.74493	-26.9537	0.136943	-26.6059	0.161489	0.473041	4.82116
1477010463100000	-26.545	0.404351	4.84484	1.40239	-0.604895	lidar	1.9138	-26.6201	0.57588	-26.5792	0.402213	0.598287	4.81045
1477010463150000	-26.534	0.642492	4.84029	1.39952	-0.543072	radar	1.75809	-26.8241	0.381506	-26.5462	0.642323	0.722748	4.79667
1477010463200000	-26.5285	0.915005	4.87789	1.38875	-0.520846	lidar	3.31053	-26.7293	1.06082	-26.5069	0.881666	0.846334	4.77986
1477010463250000	-26.4911	1.16839	4.8867	1.38796	-0.446695	radar	6.88864	-25.9562	2.60409	-26.4616	1.12009	0.968955	4.76007
1477010463300000	-26.4368	1.41053	4.88995	1.36296	-0.449573	lidar	0.0843621	-26.3986	1.42212	-26.4101	1.35745	1.09053	4.73737
1477010463350000	-26.3967	1.63436	4.8709	1.35127	-0.424147	radar	7.92474	-26.5072	-0.563928	-26.3526	1.59361	1.21096	4.71181
1477010463400000	-26.3439	1.85642	4.85434	1.33019	-0.424968	lidar	0.232379	-26.3594	1.79315	-26.2891	1.82841	1.33018	4.68345
1477010463450000	-26.2739	2.08688	4.85322	1.29623	-0.458353	radar	0.385099	-26.3475	1.82827	-26.2197	2.06173	1.44811	4.65235
1477010463500000	-26.2122	2.29383	4.82427	1.27397	-0.459117	lidar	0.72806	-26.2502	2.18481	-26.1444	2.29342	1.56467	4.61859
1477010463550000	-26.1488	2.52439	4.82044	1.26499	-0.421282	radar	0.538258	-26.069	2.27896	-26.0633	2.52336	1.67979	4.58223
1477010463600000	-26.0725	2.76358	4.83187	1.24434	-0.420213	lidar	0.10738	-26.0641	2.80701	-25.9765	2.75141	1.79339	4.54334
1477010463650000	-25.9751	2.98446	4.83541	1.19183	-0.507983	radar	3.18506	-26.3234	3.02388	-25.8841	2.97746	1.90543	4.502
1477010463700000	-25.8761	3.24859	4.88091	1.16821	-0.5035	lidar	1.70746	-25.8345	3.42005	-25.7861	3.20139	2.01582	4.45828
1477010463750000	-25.7934	3.4761	4.8825	1.14733	-0.502738	radar	2.1195	-26.1824	3.73376	-25.6826	3.42306	2.12452	4.41227
1477010463800000	-25.6863	3.68499	4.87059	1.11914	-0.507045	lidar	0.158618	-25.6666	3.63509	-25.5737	3.64239	2.23146	4.36404
1477010463850000	-25.5692	3.89377	4.865	1.08628	-0.523185	radar	1.10533	-25.5773	3.13316	-25.4596	3.85924	2.3366	4.31367
1477010463900000	-25.4992	4.08789	4.83001	1.07386	-0.509033	lidar	3.71116	-25.7492	3.99968	-25.3402	4.07353	2.43989	4.26125
1477010463950000	-25.3757	4.29227	4.82598	1.04413	-0.516814	radar	0.610121	-25.3516	3.75691	-25.2157	4.28514	2.54127	4.20686
1477010464000000	-25.216	4.50337	4.84334	1.00622	-0.530146	lidar	2.02384	-25.0214	4.52803	-25.0863	4.49399	2.64071	4.15058
1477010464050000	-25.066	4.70209	4.83973	0.986878	-0.492167	radar	9.03181	-24.2719	4.30917	-24.9518	4.69998	2.73817	4.09251
1477010464100000	-24.9466	4.89949	4.83034	0.967477	-0.486524	lidar	0.434146	-25.0363	4.88499	-24.8126	4.90303	2.83361	4.03273
1477010464150000	-24.7903	5.09095	4.83137	0.937736	-0.489555	radar	2.31977	-24.3609	4.95947	-24.6686	5.10304	2.92701	3.97132
1477010464200000	-24.624	5.29679	4.85388	0.908752	-0.493518	lidar	0.923559	-24.5041	5.35293	-24.5201	5.29995	3.01833	3.90839
1477010464250000	-24.4518	5.47184	4.85698	0.859381	-0.552773	radar	0.860059	-24.4379	5.24592	-24.367	5.49367	3.10754	3.84401
1477010464300000	-24.2639	5.6433	4.86077	0.820424	-0.566188	lidar	1.21033	-24.1159	5.61152	-24.2095	5.68414	3.19464	3.77827
1477010464350000	-24.0979	5.80604	4.85199	0.782494	-0.593269	radar	3.07075	-24.5638	4.75836	-24.0477	5.8713	3.27959	3.71127
1477010464400000	-23.922	5.96781	4.84669	0.750644	-0.596344	lidar	0.0351275	-23.9153	5.94377	-23.8818	6.05508	3.36239	3.64309
1477010464450000	-23.7786	6.16325	4.83343	0.776139	-0.458298	radar	4.94751	-23.5491	6.44495	-23.7117	6.23542	3.44302	3.57383
1477010464500000	-23.6104	6.32225	4.82246	0.75275	-0.459725	lidar	0.124294	-23.6471	6.29102	-23.5377	6.41227	3.52148	3.50357
1477010464550000	-23.4601	6.50411	4.81494	0.756756	-0.400789	radar	1.6535	-23.7544	6.53746	-23.3598	6.58559	3.59775	3.4324
1477010464600000	-23.2448	6.70797	4.87508	0.737067	-0.396525	lidar	4.18674	-23.0099	6.86182	-23.1781	6.75533	3.67185	3.36041
1477010464650000	-23.0472	6.85234	4.86804	0.71127	-0.396211	radar	5.48449	-22.7862	5.74143	-22.9928	6.92146	3.74376	3.28768
1477010464700000	-22.838	7.01999	4.89289	0.687923	-0.399218	lidar	1.10475	-22.6991	7.063	-22.804	7.08393	3.8135	3.21431
1477010464750000	-22.6249	7.15177	4.89607	0.645109	-0.446356	radar	1.71958	-22.418	6.76159	-22.6117	7.24273	3.88106	3.14038
1477010464800000	-22.4397	7.30135	4.89157	0.627531	-0.440821	lidar	0.256532	-22.5083	7.31524	-22.4161	7.39782	3.94647	3.06598
1477010464850000	-22.2118	7.41806	4.90792	0.564875	-0.539742	radar	2.75428	-22.0543	7.85452	-22.2173	7.54917	4.00974	2.99118
1477010464900000	-22.0314	7.58134	4.91423	0.556782	-0.516268	lidar	2.13843	-22.1947	7.69478	-22.0154	7.69679	4.07087	2.91607
1477010464950000	-21.8487	7.75309	4.91438	0.572718	-0.425678	radar	5.69152	-21.6178	9.0351	-21.8105	7.84064	4.12989	2.84074
1477010465000000	-21.6421	7.89709	4.92342	0.556293	-0.419091	lidar	0.108312	-21.6473	7.94	-21.6026	7.98072	4.18681	2.76526
1477010465050000	-21.4497	8.03514	4.9137	0.548722	-0.392323	radar	1.487	-21.8637	7.78661	-21.392	8.11703	4.24166	2.68971
1477010465100000	-21.2165	8.08315	4.87525	0.495909	-0.435587	lidar	4.56387	-21.0853	7.83229	-21.1787	8.24957	4.29447	2.61417
1477010465150000	-21.0241	8.24708	4.87357	0.52513	-0.31838	radar	5.87878	-20.5503	9.28616	-20.9628	8.37833	4.34526	2.53871
1477010465200000	-20.8466	8.40171	4.86925	0.529642	-0.292784	lidar	2.86911	-21.0519	8.50983	-20.7444	8.50333	4.39406	2.46341
1477010465250000	-20.6063	8.50376	4.8913	0.482782	-0.367761	radar	4.76076	-19.9265	9.40847	-20.5237	8.62457	4.4409	2.38835
1477010465300000	-20.3634	8.63324	4.92499	0.465518	-0.365169	lidar	1.40314	-20.21	8.68914	-20.3006	8.74206	4.48582	2.31358
1477010465350000	-20.1624	8.77109	4.91595	0.480757	-0.28853	radar	1.38182	-20.2277	8.8532	-20.0753	8.85583	4.52884	2.23919
1477010465400000	-19.9609	8.87886	4.89854	0.468272	-0.286654	lidar	0.550684	-20.0633	8.86724	-19.848	8.96589	4.57001	2.16524
1477010465450000	-19.7574	9.00679	4.88903	0.478492	-0.229129	radar	0.954837	-19.9264	8.78179	-19.6186	9.07227	4.60937	2.09179
1477010465500000	-19.5331	9.082	4.87233	0.451958	-0.248246	lidar	0.888883	-19.4861	8.96665	-19.3873	9.17499	4.64694	2.01891
1477010465550000	-19.294	9.18412	4.89363	0.424441	-0.285991	radar	4.54621	-18.5719	10.2069	-19.1542	9.27409	4.68278	1.94666
1477010465600000	-19.0155	9.26425	4.93119	0.392147	-0.307497	lidar	6.1623	-18.6786	9.19191	-18.9193	9.36959	4.71692	1.8751
1477010465650000	-18.7953	9.35021	4.92285	0.371219	-0.323463	radar	1.70546	-19.2825	8.98189	-18.6827	9.46154	4.7494	1.80429
1477010465700000	-18.5451	9.44641	4.94653	0.354826	-0.323073	lidar	0.790231	-18.4242	9.46852	-18.4446	9.54996	4.78028	1.73429
1477010465750000	-18.281	9.46862	4.95709	0.282714	-0.442229	radar	6.00763	-18.1634	8.72444	-18.2049	9.63492	4.80959	1.66514
1477010465800000	-18.0019	9.58463	5.02186	0.274092	-0.422789	lidar	3.90912	-17.7736	9.72478	-17.9639	9.71643	4.83737	1.59691
1477010465850000	-17.7593	9.67453	5.0231	0.279491	-0.357395	radar	2.97771	-17.2296	9.97767	-17.7214	9.79457	4.86368	1.52964
1477010465900000	-17.4907	9.77897	5.06745	0.273422	-0.340293	lidar	1.77064	-17.3436	9.88109	-17.4777	9.86936	4.88856	1.46338
1477010465950000	-17.2459	9.8502	5.07224	0.255815	-0.345803	radar	0.512847	-17.1554	10.212	-17.2328	9.94087	4.91205	1.39818
1477010466000000	-16.98	9.97245	5.12027	0.261341	-0.314767	lidar	2.24796	-16.8876	10.145	-16.9868	10.0091	4.93421	1.33408
1477010466050000	-16.7283	10.0335	5.12406	0.242102	-0.322248	radar	0.128632	-16.5958	10.1078	-16.7396	10.0743	4.95507	1.27113
1477010466100000	-16.48	10.1461	5.14708	0.248427	-0.293153	lidar	1.62275	-16.5153	10.3091	-16.4915	10.1362	4.97469	1.20937
1477010466150000	-16.227	10.2073	5.15403	0.22766	-0.311534	radar	0.663819	-16.09	10.5824	-16.2424	10.1952	4.99311	1.14883
1477010466200000	-15.982	10.2432	5.13938	0.204277	-0.3217	lidar	0.239369	-16.006	10.1843	-15.9924	10.2511	5.01039	1.08956
1477010466250000	-15.7347	10.3086	5.13647	0.201916	-0.291257	radar	0.248505	-15.7234	10.41	-15.7416	10.3041	5.02655	1.03159
1477010466300000	-15.4999	10.3145	5.1024	0.170646	-0.313218	lidar	1.19629	-15.5699	10.1904	-15.4899	10.3543	5.04166	0.974957
1477010466350000	-15.2153	10.323	5.13843	0.116684	-0.402026	radar	8.0359	-14.2385	10.9109	-15.2376	10.4016	5.05576	0.919692
1477010466400000	-14.9533	10.3812	5.15652	0.109144	-0.385444	lidar	0.510237	-14.9365	10.4722	-14.9846	10.4462	5.06889	0.865828
1477010466450000	-14.7044	10.4256	5.13486	0.124851	-0.290483	radar	6.56754	-14.724	9.63507	-14.7309	10.4882	5.0811	0.813394
1477010466500000	-14.4511	10.3986	5.11491	0.0855859	-0.323289	lidar	1.91172	-14.4088	10.222	-14.4766	10.5276	5.09243	0.762418
1477010466550000	-14.191	10.4253	5.11949	0.0762469	-0.306355	radar	0.652857	-13.9005	10.5238	-14.2218	10.5645	5.10293	0.712926
1477010466600000	-13.8994	10.5716	5.19453	0.115897	-0.231792	lidar	8.6259	-13.8049	10.9383	-13.9665	10.5989	5.11263	0.664944
1477010466650000	-13.6417	10.639	5.19285	0.140423	-0.149343	radar	1.75495	-13.3956	10.7857	-13.7107	10.631	5.12159	0.618496
1477010466700000	-13.3847	10.6451	5.18474	0.120244	-0.165839	lidar	0.547126	-13.3556	10.5517	-13.4545	10.6608	5.12983	0.573603
1477010466750000	-13.122	10.6681	5.19185	0.103268	-0.186919	radar	0.343728	-12.9374	10.8137	-13.1979	10.6884	5.13741	0.530288
1477010466800000	-12.8672	10.7666	5.20809	0.125162	-0.147313	lidar	3.8076	-12.9591	11.0099	-12.9409	10.7138	5.14436	0.48857
1477010466850000	-12.6032	10.8163	5.21753	0.127835	-0.129618	radar	1.32236	-12.2518	11.2495	-12.6836	10.7373	5.15071	0.448467
1477010466900000	-12.3569	10.7915	5.18953	0.0981229	-0.158502	lidar	1.959	-12.3713	10.6091	-12.426	10.7587	5.15651	0.409997
1477010466950000	-12.0972	10.8316	5.1911	0.104408	-0.125747	radar	0.4005	-11.9352	10.9161	-12.1681	10.7783	5.16179	0.373177
1477010467000000	-11.8488	10.8989	5.19167	0.115628	-0.103819	lidar	1.76622	-11.9451	11.0515	-11.91	10.7961	5.16658	0.338022
1477010467050000	-11.5741	10.9158	5.20852	0.100322	-0.124477	radar	2.85202	-10.9703	10.9676	-11.6516	10.8121	5.17092	0.304546
1477010467100000	-11.3367	10.9362	5.1846	0.0932028	-0.125348	lidar	0.733346	-11.4548	10.9407	-11.393	10.8265	5.17484	0.272761
1477010467150000	-11.0731	10.8599	5.1899	-0.00370897	-0.334548	radar	9.92095	-11.3472	10.5111	-11.1342	10.8394	5.17836	0.242681
1477010467200000	-10.7868	10.8259	5.21163	-0.0340217	-0.351219	lidar	2.87542	-10.6009	10.6823	-10.8753	10.8509	5.18153	0.214317
1477010467250000	-10.5313	10.823	5.20605	-0.0444406	-0.33518	radar	0.201243	-10.6563	10.8369	-10.6161	10.8609	5.18435	0.187679
1477010467300000	-10.2916	10.8183	5.18639	-0.0571579	-0.330497	lidar	0.940792	-10.4142	10.8747	-10.3569	10.8697	5.18687	0.162776
1477010467350000	-10.0363	10.8835	5.17118	-0.000671791	-0.16381	radar	6.95615	-9.90413	11.2255	-10.0976	10.8772	5.1891	0.139618
1477010467400000	-9.77808	10.9292	5.17896	0.0114233	-0.136976	lidar	1.84894	-9.83445	11.1032	-9.83809	10.8837	5.19106	0.118212
1477010467450000	-9.53737	10.9151	5.15602	-0.000434468	-0.140043	radar	4.09784	-10.195	10.3498	-9.57852	10.8891	5.19278	0.0985664
1477010467500000	-9.27939	10.9392	5.16044	0.00318988	-0.126485	lidar	0.544535	-9.3066	11.0348	-9.31887	10.8936	5.19428	0.0806865
1477010467550000	-9.02694	10.9233	5.14978	-0.00490219	-0.119108	radar	2.72739	-9.2226	10.3527	-9.05915	10.8972	5.19557	0.0645787
1477010467600000	-8.76714	10.9521	5.15712	0.00198028	-0.103077	lidar	0.805499	-8.78899	11.0707	-8.79937	10.9001	5.19667	0.050248
1477010467650000	-8.51914	10.9122	5.1412	-0.0200245	-0.124469	radar	6.68956	-8.83914	10.0319	-8.53953	10.9023	5.19759	0.0376992
1477010467700000	-8.32984	10.842	5.05919	-0.0523604	-0.15597	lidar	6.66184	-8.62045	10.6577	-8.27965	10.9039	5.19835	0.0269359
1477010467750000	-8.0735	10.8595	5.06146	-0.035454	-0.102604	radar	1.18925	-7.91543	11.1157	-8.01974	10.905	5.19896	0.0179617
1477010467800000	-7.76594	10.8915	5.12633	-0.0231734	-0.0810156	lidar	4.02391	-7.51971	11.0005	-7.75979	10.9057	5.19942	0.0107791
1477010467850000	-7.50211	10.8932	5.13079	-0.0120794	-0.0391636	radar	1.78456	-7.25987	10.6458	-7.49981	10.9061	5.19975	0.00539029
1477010467900000	-7.23366	10.8781	5.14268	-0.0188401	-0.0452613	lidar	0.51761	-7.15631	10.815	-7.23983	10.9063	5.19994	0.00179692
1477010467950000	-6.98804	10.9156	5.12727	0.017153	0.0430446	radar	3.11801	-7.39396	11.0181	-6.97983	10.9064	5.2	-7.84874e-15
